image_width: 1280
image_height: 720
camera_name: camera
camera_matrix:
  rows: 3
  cols: 3
  data: [633.532064, 0, 646.989282, 0, 634.47997, 363.834356, 0, 0, 1]
distortion_model: plumb_bob
distortion_coefficients:
  rows: 1
  cols: 5
  data: [-0.047385, 0.041886, 0.000957, -0.001512, 0]
rectification_matrix:
  rows: 3
  cols: 3
  data: [1, 0, 0, 0, 1, 0, 0, 0, 1]
projection_matrix:
  rows: 3
  cols: 4
  data: [639.802612, 0, 642.9803429999999, 0, 0, 642.28772, 364.302267, 0, 0, 0, 1, 0]
